[6.0,1413],
[0.0,1347],
[7.0,1170],
[6.5,1115],
[6.3,1096],
[5.0,989],
[5.8,988],
[6.8,933],
[6.4,931],
[6.1,907],
[6.7,894],
[6.6,883],
[5.5,849],
[6.2,847],
[5.9,808],
[5.7,728],
[6.9,696],
[5.3,679],
[5.6,664],
[7.3,634],
[7.1,614],
[5.4,568],
[7.2,555],
[7.5,478],
[5.2,466],
[7.4,464],
[4.8,404],
[5.1,401],
[8.0,390],
[4.9,335],
[4.0,315],
[4.5,309],
[7.6,295],
[4.7,268],
[7.8,254],
[4.3,250],
[7.7,242],
[4.6,220],
[4.4,201],
[7.9,135],
[3.8,131],
[4.2,122],
[3.5,117],
[4.1,116],
[3.0,98],
[3.9,91],
[10.0,87],
[8.5,76],
[8.1,73],
[3.6,68],
[8.3,67],
[3.7,64],
[3.3,62],
[2.5,61],
[9.0,56],
[2.0,50],
[8.2,47],
[3.4,33],
[1.0,32],
[2.8,31],
[3.2,30],
[3.1,26],
[2.9,19],
[8.4,19],
[2.3,15],
[8.7,14],
[8.8,13],
[9.5,12],
[1.5,11],
[2.7,10],
[1.8,8],
[8.6,8],
[9.3,8],
[2.1,6],
[2.4,6],
[0.5,4],
[2.6,4],
[1.3,3],
[1.6,3],
[1.7,3],
[2.2,3],
[8.9,2],
[9.1,2],
[9.4,2],
[1.2,1],
[1.4,1],
[1.9,1],
[9.8,1],